SANTA CRUZ DE TENERIFE                     SALIDA Y PUESTA DE SOL PARA 2014             Observatorio Astronómico Nacional
Latitud y longitud: 28 27 46, -16 14 50                                                   Instituto Geográfico Nacional
Año 2014                                Hora oficial en las islas Canarias                Ministerio de Fomento, España

Dia  Enero   Febrero    Marzo     Abril      Mayo     Junio     Julio     Agosto   Septiem.  Octubre   Noviemb.  Diciemb.
   Ort Ocas  Ort Ocas  Ort Ocas  Ort Ocas  Ort Ocas  Ort Ocas  Ort Ocas  Ort Ocas  Ort Ocas  Ort Ocas  Ort Ocas  Ort Ocas
   h m  h m  h m  h m  h m  h m  h m  h m  h m  h m  h m  h m  h m  h m  h m  h m  h m  h m  h m  h m  h m  h m  h m  h m
 1 757 1820  753 1845  730 1905  755 2023  725 2040  708 2058  711 2107  727 2056  743 2026  758 1951  717 1820  740 1808
 2 758 1820  752 1845  729 1906  754 2023  724 2041  708 2058  711 2107  727 2055  744 2025  758 1950  717 1819  741 1808
 3 758 1821  752 1846  728 1906  753 2024  723 2041  707 2059  712 2107  728 2054  744 2024  759 1949  718 1819  741 1808
 4 758 1822  751 1847  727 1907  752 2025  722 2042  707 2059  712 2106  728 2053  745 2023  759 1948  719 1818  742 1808
 5 758 1823  751 1848  726 1907  751 2025  721 2042  707 2100  713 2106  729 2053  745 2022  800 1946  720 1817  743 1808
 6 758 1823  750 1849  725 1908  750 2026  721 2043  707 2100  713 2106  729 2052  746 2021  801 1945  720 1817  744 1808
 7 759 1824  749 1849  724 1909  748 2026  720 2044  707 2101  714 2106  730 2051  746 2020  801 1944  721 1816  744 1808
 8 759 1825  749 1850  723 1909  747 2027  719 2044  707 2101  714 2106  731 2050  747 2018  802 1943  722 1815  745 1809
 9 759 1826  748 1851  722 1910  746 2027  718 2045  707 2102  714 2106  731 2049  747 2017  802 1942  723 1815  746 1809
10 759 1826  747 1852  720 1911  745 2028  718 2045  707 2102  715 2106  732 2049  748 2016  803 1941  723 1814  746 1809
11 759 1827  746 1852  719 1911  744 2028  717 2046  707 2102  715 2105  732 2048  748 2015  803 1940  724 1814  747 1809
12 759 1828  746 1853  718 1912  743 2029  716 2047  707 2103  716 2105  733 2047  748 2014  804 1939  725 1813  748 1810
13 759 1829  745 1854  717 1912  742 2030  716 2047  707 2103  716 2105  733 2046  749 2012  804 1938  726 1813  748 1810
14 759 1830  744 1855  716 1913  741 2030  715 2048  707 2104  717 2105  734 2045  749 2011  805 1937  726 1812  749 1810
15 759 1830  743 1855  715 1913  740 2031  715 2048  707 2104  717 2104  734 2044  750 2010  806 1936  727 1812  750 1810
16 758 1831  742 1856  714 1914  739 2031  714 2049  707 2104  718 2104  735 2043  750 2009  806 1935  728 1811  750 1811
17 758 1832  741 1857  713 1915  738 2032  713 2050  707 2104  718 2104  735 2042  751 2008  807 1934  729 1811  751 1811
18 758 1833  741 1858  711 1915  737 2032  713 2050  708 2105  719 2103  736 2041  751 2006  807 1933  730 1810  751 1812
19 758 1834  740 1858  710 1916  736 2033  712 2051  708 2105  719 2103  737 2040  752 2005  808 1932  730 1810  752 1812
20 758 1835  739 1859  709 1916  735 2033  712 2051  708 2105  720 2102  737 2039  752 2004  809 1931  731 1810  753 1813
21 757 1835  738 1900  708 1917  734 2034  711 2052  708 2105  721 2102  738 2038  753 2003  809 1930  732 1809  753 1813
22 757 1836  737 1900  707 1917  733 2035  711 2053  708 2106  721 2102  738 2037  753 2002  810 1929  733 1809  754 1814
23 757 1837  736 1901  706 1918  732 2035  711 2053  709 2106  722 2101  739 2036  754 2000  811 1928  734 1809  754 1814
24 756 1838  735 1902  704 1918  731 2036  710 2054  709 2106  722 2101  739 2035  754 1959  811 1927  734 1809  754 1815
25 756 1839  734 1902  703 1919  730 2036  710 2054  709 2106  723 2100  740 2034  755 1958  812 1926  735 1809  755 1815
26 756 1840  733 1903  702 1920  729 2037  709 2055  709 2106  723 2059  740 2033  755 1957  713 1825  736 1808  755 1816
27 755 1840  732 1904  701 1920  728 2038  709 2055  710 2106  724 2059  741 2032  756 1956  713 1824  737 1808  756 1816
28 755 1841  731 1904  700 1921  727 2038  709 2056  710 2106  724 2058  741 2031  756 1955  714 1823  738 1808  756 1817
29 754 1842            659 1921  726 2039  709 2056  710 2106  725 2058  742 2030  757 1953  715 1822  738 1808  756 1818
30 754 1843            758 2022  725 2039  708 2057  711 2107  726 2057  742 2029  757 1952  715 1822  739 1808  757 1818
31 753 1844            756 2022            708 2057            726 2056  743 2028            716 1821            757 1819
   h m  h m  h m  h m  h m  h m  h m  h m  h m  h m  h m  h m  h m  h m  h m  h m  h m  h m  h m  h m  h m  h m  h m  h m

Se ha considerado el horario adelantado desde el último domingo de marzo al último domingo de octubre. Las coordenadas
vienen dadas en grados, minutos y segundos, siendo la longitud positiva al Este y negativa al Oeste del meridiano cero.
